-3,189,503
4,198,503
7,208,503
11,217,503
14,226,503
18,236,503
21,245,503
24,255,503
28,264,503
31,273,503
35,283,503
38,292,503
42,302,503
45,311,503
48,320,503
52,330,503
55,339,503
59,349,503
62,358,503
65,367,503
69,377,503
72,386,503
76,396,503
79,405,503
83,414,503
86,424,503
89,433,503
93,443,503
96,452,503
100,461,503
103,471,503
107,480,503
110,490,503
113,499,503
117,508,503
120,518,503
124,527,503
127,537,503
130,546,503
134,555,503
137,565,503
141,574,503
144,584,503
148,593,503
151,602,503
151,602,503
151,602,503
151,602,503
151,602,503
151,602,503
151,602,503
151,602,503
151,602,503
151,602,503
151,602,503
151,602,503
151,602,503
151,602,503
151,602,503
151,602,503
151,602,503
151,602,503
151,602,503
151,602,503
151,602,503
151,602,503
151,602,503
151,602,503
151,602,503
151,602,503
151,602,503
151,602,503
151,602,503
151,602,503
151,602,503
151,602,503
151,602,503
151,602,503
151,602,503
151,602,503
151,602,503
151,602,503
151,602,503
151,602,503
151,602,503
151,602,503
151,602,503
151,602,503
151,602,503
151,602,503
151,602,503
151,602,503
151,602,503
151,602,503
151,602,503
151,602,503
151,602,503
151,602,503
151,602,503
151,602,503
151,602,503
151,602,503
151,602,503
151,602,503
151,602,503
151,602,503
151,602,503
151,602,503
151,602,503
151,602,503
151,602,503
151,602,503
151,602,503
151,602,503
151,602,503
151,602,503
151,602,503
151,602,503
151,602,503
151,602,503
151,602,503
151,602,503
151,602,503
151,602,503
151,602,503
151,602,503
151,602,503
151,602,503
151,602,503
151,602,503
151,602,503
151,602,503
151,602,503
151,602,503
151,602,503
151,602,503
151,602,503
151,602,503
151,602,503
151,602,503
151,602,503
151,602,503
151,602,503
151,602,503
151,602,503
151,602,503
151,602,503
151,602,503
151,602,503
151,602,503
151,602,503
151,602,503
151,602,503
151,602,503
151,602,503
151,602,503
151,602,503
151,602,503
151,602,503
151,602,503
151,602,503
151,602,503
151,602,503
151,602,503
151,602,503
151,602,503
151,602,503
151,602,503
151,602,503
151,602,503
151,602,503
151,602,503
151,602,503
151,602,503
151,602,503
151,602,503
151,602,503
151,602,503
151,602,503
151,602,503
151,602,503
151,602,503
151,602,503
151,602,503
151,602,503
151,602,503
151,602,503
151,602,503
151,602,503
151,602,503
151,602,503
151,602,503
151,602,503
151,602,503
151,602,503
151,602,503
151,602,503
151,602,503
151,602,503
151,602,503
151,602,503
151,602,503
151,602,503
151,602,503
151,602,503
151,602,503
151,602,503
151,602,503
151,602,503
151,602,503
151,602,503
151,602,503
151,602,503
151,602,503
151,602,503
151,602,503
151,602,503
151,602,503
151,602,503
151,602,503
151,602,503
151,602,503
151,602,503
151,602,503
151,602,503
151,602,503
151,602,503
151,602,503
151,602,503
151,602,503
151,602,503
151,602,503
151,602,503
151,602,503
151,602,503
151,602,503
151,602,503
151,602,503
151,602,503
151,602,503
151,602,503
151,602,503
151,602,503
151,602,503
151,602,503
151,602,503
151,602,503
151,602,503
151,602,503
151,602,503
151,602,503
151,602,503
151,602,503
151,602,503
151,602,503
151,602,503
151,602,503
151,602,503
151,602,503
151,602,503
151,602,503
151,602,503
151,602,503
151,602,503
151,602,503
151,602,503
